140
0011100000000000000000011100
0011100000000000000000011100
0011100000000000000000011100
0000000000000000000000000000
0000000000000000000000000000
140
0000000001222112221000000000
0000000001111111111000000000
0000000000111001110000000000
0000000000000000000000000000
0000000000000000000000000000
140
0022222000022222200002222200
0001111111100000011111111000
0000000000011111100000000000
0000000000000000000000000000
0000000000000000000000000000
140
0000111111211221121111110000
0000000001211221121000000000
0000000001111221111000000000
0000000001111111111000000000
0000000000000000000000000000
140
0000000002222222222000000000
0000000001111111111000000000
0000000000000000000000000000
0000000000003333000000000000
0000000000000000000000000000
140
0011111000000000000001111100
0011111002222222222001111100
0033333000000000000003333300
0000000000000000000000000000
0000000000000000000000000000
140
0111110000000000000000111110
1111111111111111111111111111
3333333333333333333333333333
0000000000000000000000000000
0000000000000000000000000000
140
0000000000000000000222220000
0000000000000000333333333300
0000222220000000000000000000
0033333333330000000000000000
0000000000000000000000000000
140
0022040220000000000220402200
0011111110000000000111111100
0033333330000000000333333300
0000000000000000000000000000
0000000000000000000000000000
140
0011100000000000000000011100
0000000000000500000000000000
0000000000000000000000000000
3333333333333333333333333333
3333333333333333333333333333
140
0000400000004004000000040000
0000011111110000111111100000
0000000000000000000000000000
3333333333333333333333333333
0000000000000000000000000000
140
1111111111111111111111111111
0000003333333333333333000000
0000000000000033333333333333
3333333333333300000000000000
0000000000000000000000000000
140
0022222000000440000002222200
0022222000000000000002222200
0000000111111111111100000000
0033333000000000000003333300
0000000000000000000000000000
140
0044000000000440000000004400
1111111111111111111111111111
1111111111111111111111111111
0000000000000000000000000000
0000000000000000000000000000
140
0000000000400000040000000000
0050000000000000000000000500
3333333333333333333333333333
1111111111111111111111111111
0000000003333333333000000000
140
0024200000111111110000024200
0004000000000000000000004000
0000004000000000000004000000
0000000000000440000000000000
3333333333333333333333333333
140
0000444444000000000004000000
0011111111110000000111110000
0111111111111000000011100000
2222222222222200000001000000
3333333333333333333333333333
140
0200400200400200400200400200
2020002020002020002020002020
0002020002020002020002020002
0400200400200400200400200400
3333333333333333333333333333
140
3333333333333333333333333333
0400400400400400404040040040
0050000000000500000000000500
1111110000000000000000111111
3333333333333333333333333333
140
2000000222222222222220000002
0050050000000000000000500500
1000000111111111111110000001
0000000000000000000000000000
3333333333333333333333333333
140
0000000000000000000000000000
0050050050004444000500500500
0000000000000000000000000000
3333333333333333333333333333
0000000000000000000000000000
140
0002222222000000002222222000
0444004440044444400444004440
0000000000000000000000000000
3333333333333333333333333333
3333333333333333333333333333
140
0444444400444444440044444440
0044444000044444400004444400
0004440000004444000000444000
0000400000000440000000040000
1111111111111111111111111111
140
4444444444444444444444444444
1111111111111111111111111111
3333333333333333333333333333
2222222222222222222222222222
3333333333333333333333333333
140
0000000000000000000000000000
0505050505050505050505050505
0050505050505050505050505050
0505050505050505050505050505
0050505050505050505050505050
